area,bound_h,bound_w,c_points,c_type,enclosecircle_r,mean_color,peri
11.0,3,7,"[469, 383, 469, 385, 474, 385, 475, 384, 474, 383]",path,3,"[0, 0, 0]",14.828427076339722
467.5,15,50,"[705, 376, 705, 377, 704, 378, 705, 379, 705, 380, 704, 381, 705, 382, 705, 383, 709, 383, 711, 385, 711, 386, 709, 388, 707, 388, 706, 387, 704, 387, 704, 389, 705, 390, 711, 390, 713, 388, 713, 387, 714, 386, 715, 387, 715, 388, 717, 390, 722, 390, 723, 389, 724, 389, 724, 388, 725, 387, 725, 386, 726, 385, 731, 385, 732, 384, 733, 385, 733, 387, 735, 389, 735, 390, 740, 390, 741, 389, 743, 389, 744, 390, 749, 390, 750, 389, 751, 389, 751, 388, 752, 387, 752, 386, 753, 385, 753, 380, 752, 379, 752, 378, 750, 376, 745, 376, 743, 378, 742, 377, 742, 376, 737, 376, 736, 377, 735, 377, 735, 378, 733, 380, 733, 383, 732, 384, 731, 383, 726, 383, 725, 382, 725, 379, 724, 378, 724, 377, 723, 377, 722, 376, 718, 376, 717, 377, 716, 377, 716, 378, 715, 379, 715, 382, 714, 383, 713, 382, 712, 382, 711, 381, 708, 381, 707, 380, 707, 379, 708, 378, 712, 378, 713, 377, 712, 376]",path,24,"[215, 215, 215]",182.1248904466629
371.5,15,50,"[584, 376, 583, 377, 583, 379, 585, 379, 586, 378, 587, 378, 588, 379, 588, 380, 586, 382, 584, 382, 584, 384, 587, 384, 589, 386, 587, 388, 586, 388, 585, 387, 582, 387, 582, 389, 583, 390, 589, 390, 590, 389, 591, 389, 591, 388, 592, 387, 593, 388, 593, 389, 594, 390, 600, 390, 602, 388, 602, 387, 604, 385, 610, 385, 611, 386, 611, 387, 615, 387, 616, 388, 616, 389, 617, 390, 619, 390, 619, 388, 620, 387, 621, 387, 622, 388, 621, 389, 622, 390, 627, 390, 628, 389, 629, 389, 629, 388, 630, 387, 630, 386, 631, 385, 631, 380, 630, 379, 630, 378, 628, 376, 623, 376, 621, 378, 621, 383, 622, 384, 621, 385, 620, 385, 619, 384, 619, 376, 616, 376, 615, 377, 615, 378, 613, 380, 613, 381, 610, 384, 609, 383, 604, 383, 603, 384, 602, 383, 602, 382, 601, 382, 600, 381, 597, 381, 596, 380, 596, 379, 597, 378, 602, 378, 602, 377, 601, 376, 594, 376, 594, 380, 593, 381, 594, 382, 594, 383, 598, 383, 600, 385, 600, 386, 598, 388, 596, 388, 595, 387, 593, 387, 592, 386, 592, 385, 590, 383, 590, 382, 591, 381, 591, 378, 589, 376]",path,24,"[216, 216, 216]",227.09545278549194
157.5,15,21,"[478, 376, 477, 377, 477, 379, 479, 379, 480, 378, 481, 378, 482, 379, 482, 381, 481, 382, 478, 382, 477, 383, 478, 384, 481, 384, 483, 386, 481, 388, 479, 388, 478, 387, 476, 387, 476, 389, 477, 389, 478, 390, 483, 390, 484, 389, 485, 389, 485, 388, 486, 387, 490, 387, 491, 388, 491, 389, 492, 390, 494, 390, 494, 388, 495, 387, 496, 387, 496, 385, 495, 385, 494, 384, 494, 376, 491, 376, 490, 377, 490, 378, 488, 380, 488, 381, 487, 382, 487, 383, 486, 384, 485, 384, 484, 383, 484, 382, 485, 381, 485, 378, 483, 376]",path,11,"[218, 218, 218]",102.18376553058624
61.5,15,10,"[462, 376, 460, 378, 459, 378, 459, 380, 461, 380, 462, 381, 462, 387, 461, 388, 459, 388, 459, 389, 460, 390, 467, 390, 468, 389, 467, 388, 466, 388, 465, 387, 465, 377, 464, 376]",path,7,"[0, 0, 0]",46.72792184352875
68.5,15,10,"[449, 376, 448, 377, 448, 379, 450, 379, 451, 378, 452, 378, 453, 379, 453, 382, 448, 387, 448, 388, 447, 389, 448, 390, 456, 390, 456, 388, 453, 388, 452, 387, 455, 384, 455, 383, 456, 382, 456, 378, 454, 376]",path,7,"[0, 0, 0]",56.041630148887634
219.0,15,21,"[359, 376, 358, 377, 358, 379, 360, 379, 361, 378, 362, 378, 363, 379, 363, 381, 362, 382, 362, 383, 357, 388, 357, 390, 366, 390, 366, 389, 367, 388, 369, 390, 374, 390, 377, 387, 377, 379, 376, 378, 376, 377, 375, 377, 374, 376, 370, 376, 369, 377, 368, 377, 368, 378, 367, 379, 364, 376]",path,11,"[226, 226, 226]",77.11269772052765
195.5,15,28,"[332, 376, 331, 377, 330, 377, 329, 378, 329, 380, 331, 380, 332, 381, 332, 387, 331, 388, 329, 388, 329, 390, 337, 390, 339, 388, 341, 390, 347, 390, 349, 388, 349, 386, 350, 385, 355, 385, 356, 384, 355, 383, 350, 383, 349, 384, 348, 384, 347, 383, 348, 382, 348, 377, 347, 377, 346, 376, 341, 376, 340, 377, 340, 378, 339, 379, 339, 381, 340, 382, 340, 384, 339, 385, 339, 388, 338, 389, 337, 388, 336, 388, 335, 387, 335, 377, 334, 376]",path,14,"[214, 214, 214]",109.35533845424652
226.5,15,31,"[87, 376, 86, 377, 85, 377, 84, 378, 84, 380, 86, 380, 87, 381, 87, 387, 86, 388, 84, 388, 84, 390, 92, 390, 94, 388, 96, 390, 102, 390, 104, 388, 104, 386, 105, 385, 107, 385, 108, 386, 108, 388, 109, 389, 110, 389, 111, 388, 111, 386, 112, 385, 114, 385, 114, 383, 112, 383, 111, 382, 111, 380, 110, 379, 109, 379, 108, 380, 108, 382, 107, 383, 105, 383, 104, 384, 103, 384, 102, 383, 103, 382, 103, 380, 104, 379, 103, 378, 103, 377, 102, 377, 101, 376, 96, 376, 95, 377, 95, 378, 94, 379, 94, 380, 95, 381, 95, 384, 94, 385, 94, 388, 93, 389, 92, 388, 91, 388, 90, 387, 90, 377, 89, 376]",path,15,"[215, 215, 215]",128.6690467596054
54.0,21,6,"[879, 374, 878, 375, 878, 376, 879, 377, 879, 379, 880, 380, 880, 388, 879, 389, 879, 391, 878, 392, 878, 393, 879, 394, 880, 394, 881, 393, 881, 392, 882, 391, 882, 387, 883, 386, 883, 382, 882, 381, 882, 377, 881, 376, 881, 375, 880, 374]",path,10,"[0, 0, 0]",46.97056245803833
283.5,21,39,"[841, 374, 841, 375, 840, 376, 840, 380, 839, 381, 839, 388, 840, 389, 840, 392, 842, 394, 843, 394, 844, 393, 843, 392, 843, 390, 842, 389, 842, 379, 843, 378, 843, 376, 844, 375, 845, 376, 845, 377, 846, 378, 851, 378, 852, 379, 851, 380, 851, 381, 850, 382, 850, 383, 849, 384, 849, 385, 848, 386, 848, 387, 847, 388, 847, 390, 849, 390, 850, 389, 850, 388, 851, 387, 851, 386, 852, 385, 852, 384, 853, 383, 853, 382, 854, 381, 854, 380, 855, 379, 856, 380, 856, 387, 857, 388, 857, 389, 858, 390, 863, 390, 866, 387, 866, 386, 867, 385, 869, 385, 870, 386, 870, 388, 871, 389, 872, 389, 873, 388, 873, 386, 874, 385, 876, 385, 877, 384, 876, 383, 874, 383, 873, 382, 873, 380, 872, 379, 871, 379, 870, 380, 870, 382, 869, 383, 867, 383, 866, 382, 866, 379, 865, 378, 865, 377, 864, 376, 859, 376, 858, 377, 857, 377, 857, 378, 856, 379, 855, 378, 855, 376, 845, 376, 843, 374]",path,19,"[243, 243, 243]",175.2964632511139
55.5,21,6,"[754, 374, 754, 376, 755, 377, 755, 380, 756, 381, 756, 388, 755, 389, 755, 391, 754, 392, 754, 393, 755, 394, 756, 394, 757, 393, 757, 392, 758, 391, 758, 387, 759, 386, 759, 382, 758, 381, 758, 377, 757, 376, 757, 375, 756, 374]",path,10,"[0, 0, 0]",47.55634891986847
54.5,21,6,"[700, 374, 700, 375, 699, 376, 699, 380, 698, 381, 698, 388, 699, 389, 699, 392, 701, 394, 702, 394, 702, 390, 701, 389, 701, 379, 702, 378, 702, 376, 703, 375, 702, 374]",path,10,"[0, 0, 0]",46.72792184352875
55.0,21,6,"[633, 374, 632, 375, 632, 376, 633, 377, 633, 379, 634, 380, 634, 387, 633, 388, 633, 391, 632, 392, 632, 393, 633, 394, 634, 394, 635, 393, 635, 392, 636, 391, 636, 387, 637, 386, 637, 382, 636, 381, 636, 377, 635, 376, 635, 375, 634, 374]",path,10,"[0, 0, 0]",46.97056245803833
55.5,21,6,"[578, 374, 578, 375, 577, 376, 577, 379, 576, 380, 576, 388, 577, 389, 577, 392, 579, 394, 580, 394, 580, 390, 579, 389, 579, 379, 580, 378, 580, 376, 581, 375, 580, 374]",path,10,"[0, 0, 0]",46.72792184352875
56.0,21,6,"[497, 374, 497, 376, 498, 377, 498, 379, 499, 380, 499, 387, 498, 388, 498, 391, 497, 392, 497, 393, 498, 394, 499, 394, 500, 393, 500, 392, 501, 391, 501, 387, 502, 386, 502, 382, 501, 381, 501, 377, 500, 376, 500, 374]",path,10,"[0, 0, 0]",48.14213538169861
54.5,21,6,"[443, 374, 443, 375, 442, 376, 442, 380, 441, 381, 441, 388, 442, 389, 442, 392, 444, 394, 445, 394, 445, 390, 444, 389, 444, 379, 445, 378, 445, 376, 446, 375, 445, 374]",path,10,"[0, 0, 0]",46.72792184352875
54.5,21,6,"[378, 374, 378, 376, 379, 377, 379, 379, 380, 380, 380, 388, 379, 389, 379, 391, 378, 392, 378, 393, 379, 394, 380, 394, 381, 393, 381, 392, 382, 391, 382, 387, 383, 386, 383, 382, 382, 381, 382, 377, 381, 376, 381, 375, 380, 374]",path,10,"[0, 0, 0]",47.55634891986847
54.5,21,6,"[324, 374, 324, 375, 323, 376, 323, 380, 322, 381, 322, 388, 323, 389, 323, 392, 325, 394, 326, 394, 326, 390, 325, 389, 325, 379, 326, 378, 326, 376, 327, 375, 326, 374]",path,10,"[0, 0, 0]",46.72792184352875
55.5,21,6,"[116, 374, 116, 376, 117, 377, 117, 379, 118, 380, 118, 387, 117, 388, 117, 391, 116, 392, 116, 393, 117, 394, 118, 394, 119, 393, 119, 392, 120, 391, 120, 387, 121, 386, 121, 382, 120, 381, 120, 377, 119, 376, 119, 375, 118, 374]",path,10,"[0, 0, 0]",47.55634891986847
55.5,21,6,"[79, 374, 79, 375, 78, 376, 78, 380, 77, 381, 77, 388, 78, 389, 78, 392, 80, 394, 81, 394, 82, 393, 81, 392, 81, 390, 80, 389, 80, 379, 81, 378, 81, 376, 82, 375, 81, 374]",path,10,"[0, 0, 0]",47.55634891986847
59.5,12,11,"[909, 353, 909, 354, 908, 355, 908, 356, 909, 357, 909, 358, 908, 359, 909, 360, 909, 364, 911, 364, 911, 357, 913, 355, 915, 357, 915, 364, 917, 364, 917, 359, 918, 358, 918, 357, 917, 356, 917, 354, 916, 354, 915, 353]",path,6,"[0, 0, 0]",55.55634891986847
344.0,12,46,"[721, 353, 718, 356, 718, 361, 719, 362, 719, 363, 720, 364, 725, 364, 726, 363, 727, 363, 727, 362, 728, 361, 730, 363, 730, 364, 732, 364, 732, 357, 734, 355, 736, 357, 736, 364, 738, 364, 738, 358, 739, 357, 739, 356, 740, 355, 742, 357, 742, 364, 744, 364, 744, 363, 746, 361, 747, 362, 747, 363, 748, 364, 753, 364, 755, 362, 757, 364, 759, 364, 759, 357, 761, 355, 763, 355, 763, 354, 762, 353, 757, 353, 755, 355, 753, 353, 749, 353, 748, 354, 747, 354, 747, 355, 745, 357, 744, 356, 744, 355, 742, 353, 739, 353, 738, 354, 737, 354, 736, 353, 730, 353, 730, 354, 728, 356, 727, 355, 727, 354, 726, 354, 725, 353]",path,22,"[214, 214, 214]",158.2253955602646
64.0,12,11,"[607, 353, 607, 354, 606, 355, 606, 356, 607, 357, 606, 358, 606, 360, 607, 361, 607, 364, 609, 364, 609, 357, 611, 355, 613, 357, 613, 364, 615, 364, 615, 363, 616, 362, 616, 358, 615, 357, 615, 355, 613, 353]",path,6,"[0, 0, 0]",54.97056245803833
85.5,12,10,"[498, 353, 496, 355, 498, 357, 496, 359, 496, 362, 498, 364, 504, 364, 504, 363, 505, 362, 505, 357, 504, 356, 504, 354, 503, 353]",path,6,"[190, 190, 190]",37.55634891986847
136.0,12,22,"[470, 353, 470, 354, 469, 355, 469, 356, 470, 357, 470, 360, 469, 361, 469, 363, 470, 364, 472, 364, 472, 357, 474, 355, 475, 355, 476, 356, 476, 364, 478, 364, 478, 363, 479, 362, 480, 362, 481, 363, 481, 364, 483, 364, 483, 357, 485, 355, 487, 357, 487, 363, 488, 364, 489, 364, 489, 362, 490, 361, 490, 357, 489, 356, 489, 355, 488, 354, 488, 353, 481, 353, 481, 354, 480, 355, 480, 356, 479, 357, 478, 356, 478, 355, 476, 353]",path,10,"[224, 224, 224]",101.11269783973694
61.5,12,11,"[353, 353, 353, 354, 352, 355, 352, 356, 353, 357, 353, 358, 352, 359, 352, 361, 353, 362, 353, 364, 355, 364, 355, 357, 357, 355, 358, 355, 359, 356, 359, 364, 361, 364, 361, 361, 362, 360, 362, 357, 361, 356, 361, 355, 359, 353]",path,6,"[0, 0, 0]",55.55634891986847
172.5,15,23,"[888, 350, 887, 351, 886, 351, 885, 352, 885, 353, 884, 354, 884, 360, 885, 361, 885, 362, 886, 363, 887, 363, 888, 364, 894, 364, 895, 363, 895, 362, 896, 361, 899, 364, 904, 364, 906, 362, 905, 361, 904, 361, 903, 362, 901, 362, 900, 361, 900, 360, 901, 359, 906, 359, 906, 355, 904, 353, 900, 353, 899, 354, 898, 354, 898, 355, 896, 357, 895, 356, 890, 356, 889, 357, 890, 358, 892, 358, 893, 359, 893, 361, 892, 362, 890, 362, 889, 361, 888, 361, 887, 360, 887, 358, 886, 357, 887, 356, 887, 354, 888, 353, 889, 353, 890, 352, 892, 352, 893, 353, 895, 353, 896, 352, 894, 350]",path,11,"[224, 224, 224]",120.32590079307556
111.5,15,15,"[873, 350, 873, 352, 871, 354, 870, 354, 869, 353, 866, 353, 864, 355, 864, 358, 865, 359, 866, 359, 867, 360, 866, 361, 864, 361, 864, 363, 865, 364, 869, 364, 870, 363, 871, 363, 871, 359, 870, 358, 869, 358, 868, 357, 869, 356, 870, 356, 871, 355, 872, 355, 873, 356, 873, 362, 874, 363, 874, 364, 878, 364, 878, 362, 877, 362, 876, 361, 876, 358, 875, 357, 875, 356, 876, 355, 878, 355, 878, 353, 877, 353, 876, 352, 876, 351, 875, 350]",path,8,"[193, 193, 193]",81.69848430156708
335.5,15,37,"[847, 350, 847, 352, 845, 354, 843, 354, 842, 353, 838, 353, 836, 355, 835, 355, 833, 353, 829, 353, 828, 354, 827, 354, 827, 355, 826, 356, 826, 362, 828, 364, 833, 364, 835, 362, 836, 362, 838, 364, 844, 364, 844, 363, 845, 362, 845, 357, 844, 356, 844, 355, 845, 354, 847, 356, 847, 363, 848, 364, 852, 364, 852, 363, 853, 362, 855, 364, 860, 364, 862, 362, 861, 361, 860, 361, 859, 362, 857, 362, 856, 361, 856, 360, 857, 359, 862, 359, 862, 355, 860, 353, 856, 353, 855, 354, 854, 354, 853, 355, 852, 354, 852, 353, 851, 353, 850, 352, 850, 351, 849, 350]",path,18,"[202, 202, 202]",132.32590091228485
137.0,15,21,"[809, 350, 808, 351, 807, 351, 807, 352, 805, 354, 805, 360, 806, 361, 806, 362, 807, 363, 808, 363, 809, 364, 815, 364, 816, 363, 816, 361, 817, 360, 818, 361, 818, 363, 819, 364, 821, 364, 821, 357, 823, 355, 824, 355, 825, 354, 824, 353, 819, 353, 818, 354, 818, 357, 817, 358, 816, 357, 816, 356, 811, 356, 810, 357, 811, 358, 813, 358, 814, 359, 814, 361, 813, 362, 811, 362, 810, 361, 809, 361, 808, 360, 808, 355, 811, 352, 813, 352, 814, 353, 816, 353, 817, 352, 815, 350]",path,10,"[0, 0, 0]",108.42640602588654
219.5,15,22,"[696, 350, 696, 351, 695, 352, 695, 355, 696, 356, 696, 364, 703, 364, 706, 361, 707, 362, 707, 363, 708, 364, 713, 364, 714, 363, 715, 363, 715, 362, 716, 361, 716, 356, 715, 355, 715, 354, 714, 354, 713, 353, 708, 353, 706, 355, 706, 357, 705, 358, 704, 357, 704, 352, 702, 350]",path,11,"[224, 224, 224]",76.04163002967834
81.0,15,11,"[622, 350, 622, 352, 623, 353, 623, 354, 625, 356, 625, 357, 624, 358, 624, 359, 623, 360, 623, 361, 622, 362, 622, 364, 624, 364, 625, 363, 625, 362, 627, 360, 629, 362, 629, 363, 630, 364, 632, 364, 632, 362, 631, 361, 631, 360, 629, 358, 629, 356, 631, 354, 631, 353, 632, 352, 632, 350, 630, 350, 629, 351, 629, 352, 627, 354, 625, 352, 625, 351, 624, 350]",path,8,"[13, 13, 13]",61.94112491607666
174.0,15,23,"[586, 350, 585, 351, 584, 351, 583, 352, 583, 353, 582, 354, 582, 360, 583, 361, 583, 362, 584, 363, 585, 363, 586, 364, 592, 364, 594, 362, 595, 362, 597, 364, 602, 364, 604, 362, 603, 361, 602, 361, 601, 362, 599, 362, 598, 361, 598, 360, 599, 359, 604, 359, 604, 355, 602, 353, 597, 353, 596, 354, 596, 355, 595, 356, 595, 357, 594, 358, 593, 357, 593, 356, 588, 356, 587, 357, 588, 358, 590, 358, 591, 359, 591, 361, 590, 362, 588, 362, 587, 361, 586, 361, 585, 360, 585, 354, 586, 353, 587, 353, 588, 352, 590, 352, 591, 353, 593, 353, 594, 352, 592, 350]",path,11,"[228, 228, 228]",120.08326029777527
134.5,15,16,"[427, 350, 427, 364, 429, 364, 429, 359, 430, 358, 431, 359, 431, 360, 432, 361, 432, 362, 433, 363, 433, 364, 435, 364, 436, 363, 436, 362, 437, 361, 437, 360, 439, 358, 440, 359, 440, 364, 442, 364, 442, 350, 439, 350, 438, 351, 438, 353, 437, 354, 437, 355, 436, 356, 436, 357, 435, 358, 434, 358, 433, 357, 433, 356, 432, 355, 432, 353, 431, 352, 431, 351, 430, 350]",path,10,"[206, 206, 206]",88.04163014888763
70.5,15,10,"[368, 350, 368, 352, 372, 352, 373, 353, 373, 354, 371, 356, 371, 357, 369, 359, 369, 360, 368, 361, 368, 364, 377, 364, 377, 362, 372, 362, 371, 361, 373, 359, 373, 358, 375, 356, 375, 355, 377, 353, 377, 350]",path,8,"[0, 0, 0]",60.38477599620819
171.5,15,23,"[332, 350, 331, 351, 330, 351, 329, 352, 329, 353, 328, 354, 328, 360, 329, 361, 329, 362, 330, 363, 331, 363, 332, 364, 338, 364, 339, 363, 339, 361, 340, 360, 341, 361, 341, 362, 343, 364, 348, 364, 350, 362, 349, 361, 348, 361, 347, 362, 345, 362, 344, 361, 344, 360, 345, 359, 350, 359, 350, 355, 348, 353, 344, 353, 343, 354, 342, 354, 342, 355, 340, 357, 339, 356, 334, 356, 333, 357, 334, 358, 336, 358, 337, 359, 337, 361, 336, 362, 334, 362, 333, 361, 332, 361, 331, 360, 331, 354, 332, 353, 333, 353, 334, 352, 336, 352, 337, 353, 339, 353, 340, 352, 338, 350]",path,11,"[244, 244, 244]",121.49747383594513
105.5,16,11,"[507, 349, 507, 364, 509, 364, 510, 363, 511, 364, 515, 364, 516, 363, 517, 363, 517, 359, 516, 358, 515, 358, 514, 357, 515, 356, 516, 356, 517, 355, 515, 353, 512, 353, 511, 354, 510, 354, 509, 353, 509, 349]",path,8,"[214, 214, 214]",53.55634891986847
30.0,16,3,"[492, 349, 492, 364, 494, 364, 494, 349]",path,7,"[0, 0, 0]",34.0
142.5,16,18,"[450, 349, 450, 364, 452, 364, 452, 353, 453, 352, 454, 353, 454, 364, 456, 364, 456, 360, 457, 359, 458, 360, 458, 361, 459, 362, 459, 363, 460, 364, 465, 364, 467, 362, 466, 361, 465, 361, 464, 362, 462, 362, 461, 361, 461, 360, 462, 359, 466, 359, 467, 358, 467, 355, 465, 353, 460, 353, 458, 355, 458, 357, 457, 358, 456, 357, 456, 349, 454, 349, 454, 350, 453, 351, 452, 350, 452, 349]",path,10,"[246, 246, 246]",113.69848430156708
30.0,16,3,"[445, 349, 445, 364, 447, 364, 447, 349]",path,7,"[0, 0, 0]",34.0
177.0,16,19,"[107, 349, 107, 364, 109, 364, 109, 356, 110, 355, 111, 355, 112, 356, 112, 363, 113, 364, 117, 364, 118, 363, 119, 364, 123, 364, 124, 363, 125, 363, 125, 359, 124, 358, 123, 358, 122, 357, 123, 356, 124, 356, 125, 355, 123, 353, 120, 353, 119, 354, 118, 354, 117, 353, 116, 353, 115, 352, 115, 351, 114, 350, 112, 350, 112, 352, 111, 353, 110, 353, 109, 352, 109, 349]",path,11,"[224, 224, 224]",89.4558436870575
270.0,16,35,"[91, 349, 91, 352, 90, 353, 86, 353, 84, 355, 84, 359, 83, 360, 82, 359, 82, 358, 81, 357, 81, 355, 80, 354, 80, 353, 79, 352, 79, 351, 78, 350, 76, 350, 76, 351, 75, 352, 75, 353, 74, 354, 74, 356, 73, 357, 73, 359, 72, 360, 72, 361, 71, 362, 71, 363, 72, 364, 74, 364, 74, 362, 76, 360, 79, 360, 80, 361, 80, 362, 81, 363, 81, 364, 83, 364, 84, 363, 85, 363, 86, 364, 93, 364, 93, 362, 94, 361, 95, 361, 96, 362, 96, 363, 97, 364, 104, 364, 104, 363, 105, 362, 104, 361, 104, 353, 102, 353, 102, 360, 100, 362, 98, 360, 98, 354, 97, 353, 96, 353, 95, 354, 95, 356, 94, 357, 93, 356, 93, 352, 94, 351, 93, 350, 93, 349]",path,17,"[220, 220, 220]",140.911687374115
160.0,10,19,"[903, 321, 902, 322, 902, 329, 903, 330, 919, 330, 920, 329, 920, 322, 919, 321]",path,9,"[220, 132, 61]",51.65685415267944
178.0,11,19,"[776, 320, 775, 321, 775, 329, 776, 330, 792, 330, 793, 329, 793, 321, 792, 320]",rect,9,"[219, 133, 62]",53.65685415267944
226.0,13,20,"[648, 318, 647, 319, 647, 329, 648, 330, 665, 330, 666, 329, 666, 319, 665, 318]",rect,10,"[219, 133, 62]",59.65685415267944
214.0,13,19,"[394, 318, 393, 319, 393, 329, 394, 330, 410, 330, 411, 329, 411, 319, 410, 318]",rect,10,"[220, 132, 60]",57.65685415267944
214.0,13,19,"[139, 318, 138, 319, 138, 329, 139, 330, 155, 330, 156, 329, 156, 319, 155, 318]",rect,10,"[220, 132, 63]",57.65685415267944
232.0,14,19,"[521, 317, 520, 318, 520, 329, 521, 330, 537, 330, 538, 329, 538, 318, 537, 317]",rect,10,"[219, 133, 62]",59.65685415267944
510.0,33,17,"[884, 298, 883, 299, 883, 329, 884, 330, 898, 330, 899, 329, 899, 299, 898, 298]",rect,17,"[65, 152, 175]",93.65685415267944
712.0,43,18,"[756, 288, 755, 289, 755, 329, 756, 330, 771, 330, 772, 329, 772, 289, 771, 288]",rect,22,"[64, 152, 176]",115.65685415267944
690.0,47,16,"[355, 283, 355, 329, 370, 329, 370, 283]",rect,24,"[215, 228, 194]",122.0
862.0,55,17,"[120, 276, 119, 277, 119, 329, 120, 330, 134, 330, 135, 329, 135, 277, 134, 276]",rect,27,"[66, 152, 175]",137.65685415267944
812.0,59,15,"[483, 271, 483, 329, 497, 329, 497, 271]",rect,29,"[215, 228, 193]",144.0
958.0,61,17,"[375, 270, 374, 271, 374, 329, 375, 330, 389, 330, 390, 329, 390, 271, 389, 270]",rect,30,"[65, 152, 175]",149.65685415267944
915.0,62,16,"[100, 268, 100, 329, 115, 329, 115, 268]",rect,31,"[216, 229, 188]",152.0
930.0,63,16,"[864, 267, 864, 329, 879, 329, 879, 267]",rect,31,"[216, 229, 192]",154.0
1006.0,64,17,"[336, 267, 335, 268, 335, 329, 336, 330, 350, 330, 351, 329, 351, 268, 350, 267]",rect,32,"[129, 100, 162]",155.65685415267944
896.0,65,15,"[737, 265, 737, 329, 751, 329, 751, 265]",rect,32,"[217, 229, 193]",156.0
1038.0,66,17,"[629, 265, 628, 266, 628, 329, 629, 330, 643, 330, 644, 329, 644, 266, 643, 265]",rect,33,"[65, 152, 174]",159.65685415267944
896.0,65,15,"[610, 265, 610, 329, 624, 329, 624, 265]",rect,32,"[215, 229, 190]",156.0
1038.0,66,17,"[502, 265, 501, 266, 501, 329, 502, 330, 516, 330, 517, 329, 517, 266, 516, 265]",rect,33,"[65, 152, 176]",159.65685415267944
1137.0,68,18,"[463, 263, 462, 264, 462, 329, 463, 330, 478, 330, 479, 329, 479, 264, 478, 263]",rect,34,"[129, 100, 161]",165.65685415267944
1102.0,70,17,"[591, 261, 590, 262, 590, 329, 591, 330, 605, 330, 606, 329, 606, 262, 605, 261]",rect,35,"[129, 100, 162]",167.65685415267944
1118.0,71,17,"[826, 260, 825, 261, 825, 329, 826, 330, 840, 330, 841, 329, 841, 261, 840, 260]",rect,35,"[108, 115, 178]",169.65685415267944
1166.0,74,17,"[81, 257, 80, 258, 80, 329, 81, 330, 95, 330, 96, 329, 96, 258, 95, 257]",rect,37,"[129, 100, 161]",175.65685415267944
1230.0,78,17,"[317, 253, 316, 254, 316, 329, 317, 330, 331, 330, 332, 329, 332, 254, 331, 253]",rect,39,"[107, 116, 177]",183.65685415267944
1262.0,80,17,"[718, 251, 717, 252, 717, 329, 718, 330, 732, 330, 733, 329, 733, 252, 732, 251]",rect,40,"[129, 100, 162]",187.65685415267944
1278.0,81,17,"[845, 250, 844, 251, 844, 329, 845, 330, 859, 330, 860, 329, 860, 251, 859, 250]",rect,40,"[128, 100, 162]",189.65685415267944
1342.0,85,17,"[699, 246, 698, 247, 698, 329, 699, 330, 713, 330, 714, 329, 714, 247, 713, 246]",rect,42,"[109, 116, 177]",197.65685415267944
1406.0,89,17,"[62, 242, 61, 243, 61, 329, 62, 330, 76, 330, 77, 329, 77, 243, 76, 242]",rect,44,"[107, 116, 177]",205.65685415267944
1470.0,93,17,"[444, 238, 443, 239, 443, 329, 444, 330, 458, 330, 459, 329, 459, 239, 458, 238]",rect,46,"[107, 116, 179]",213.65685415267944
1681.0,100,18,"[571, 231, 570, 232, 570, 329, 571, 330, 586, 330, 587, 329, 587, 232, 586, 231]",rect,50,"[108, 116, 178]",229.65685415267944
2716.0,152,19,"[296, 179, 295, 180, 295, 329, 296, 330, 312, 330, 313, 329, 313, 180, 312, 179]",rect,75,"[251, 77, 76]",335.65685415267944
2860.5,160,19,"[422, 171, 422, 329, 423, 330, 439, 330, 440, 329, 440, 172, 439, 171]",rect,79,"[252, 78, 76]",352.2426406145096
3112.0,174,19,"[550, 157, 549, 158, 549, 329, 550, 330, 566, 330, 567, 329, 567, 158, 566, 157]",rect,86,"[252, 78, 77]",379.65685415267944
82.0,17,12,"[285, 152, 285, 160, 290, 160, 292, 162, 292, 163, 291, 164, 291, 165, 290, 166, 287, 166, 286, 165, 284, 165, 284, 167, 285, 167, 286, 168, 291, 168, 292, 167, 293, 167, 294, 166, 294, 164, 295, 163, 295, 162, 294, 161, 294, 160, 292, 158, 289, 158, 288, 157, 288, 155, 289, 154, 293, 154, 293, 152]",path,8,"[0, 0, 0]",71.79898953437805
3202.5,179,19,"[40, 152, 40, 329, 41, 330, 57, 330, 58, 329, 58, 153, 57, 152]",rect,89,"[251, 77, 78]",390.2426406145096
246.5,18,29,"[310, 151, 308, 153, 307, 153, 306, 152, 296, 152, 296, 154, 302, 154, 303, 155, 303, 156, 302, 157, 302, 159, 301, 160, 301, 161, 300, 162, 300, 163, 299, 164, 299, 166, 298, 167, 299, 168, 301, 168, 301, 167, 302, 166, 302, 164, 303, 163, 303, 162, 304, 161, 304, 160, 305, 159, 305, 158, 306, 157, 306, 155, 307, 154, 308, 155, 308, 158, 309, 159, 309, 160, 312, 160, 313, 161, 312, 162, 312, 163, 310, 165, 310, 168, 312, 168, 312, 167, 315, 164, 316, 164, 317, 165, 317, 166, 318, 167, 318, 168, 322, 168, 324, 166, 324, 161, 322, 159, 320, 159, 319, 158, 319, 157, 321, 155, 321, 154, 322, 153, 322, 151, 320, 151, 319, 152, 319, 153, 316, 156, 315, 155, 315, 152, 314, 151]",path,15,"[201, 201, 201]",135.98275482654572
473.5,18,41,"[437, 143, 435, 145, 435, 146, 434, 147, 431, 144, 426, 144, 423, 147, 423, 151, 422, 152, 420, 150, 416, 150, 415, 149, 415, 148, 417, 146, 421, 146, 421, 144, 415, 144, 412, 147, 412, 148, 411, 149, 411, 156, 412, 157, 412, 158, 414, 160, 419, 160, 420, 159, 421, 159, 421, 158, 422, 157, 423, 157, 426, 160, 431, 160, 433, 158, 433, 157, 434, 156, 434, 151, 435, 150, 436, 151, 436, 152, 439, 152, 440, 153, 440, 154, 437, 157, 437, 160, 439, 160, 439, 159, 443, 155, 444, 156, 444, 158, 445, 159, 445, 160, 449, 160, 451, 158, 451, 153, 449, 151, 447, 151, 446, 150, 446, 149, 448, 147, 448, 146, 449, 145, 449, 143, 447, 143, 446, 144, 446, 145, 444, 147, 443, 147, 442, 146, 442, 144, 441, 143]",path,20,"[217, 217, 217]",171.7817440032959
3646.5,193,20,"[676, 138, 676, 329, 677, 330, 694, 330, 695, 329, 695, 139, 694, 138]",rect,96,"[253, 78, 76]",420.2426406145096
254.5,17,24,"[542, 130, 539, 133, 539, 134, 538, 135, 538, 142, 539, 143, 539, 144, 541, 146, 546, 146, 550, 142, 551, 143, 551, 144, 553, 146, 558, 146, 561, 143, 561, 139, 560, 138, 560, 137, 559, 136, 554, 136, 553, 135, 556, 132, 560, 132, 560, 130, 554, 130, 553, 131, 552, 131, 552, 132, 551, 133, 551, 134, 550, 135, 550, 138, 549, 139, 548, 138, 548, 137, 547, 136, 542, 136, 541, 135, 544, 132, 548, 132, 548, 130]",path,12,"[224, 224, 224]",112.66904628276825
175.5,18,17,"[564, 129, 562, 131, 562, 136, 564, 138, 566, 138, 567, 139, 566, 140, 566, 141, 564, 143, 564, 146, 565, 146, 570, 141, 571, 142, 571, 144, 573, 146, 576, 146, 578, 144, 578, 139, 576, 137, 574, 137, 573, 136, 573, 135, 575, 133, 575, 132, 576, 131, 576, 129, 574, 129, 573, 130, 573, 131, 570, 134, 569, 133, 569, 131, 567, 129]",path,10,"[201, 201, 201]",79.84061968326569
3670.5,205,19,"[804, 126, 804, 329, 805, 330, 821, 330, 822, 329, 822, 127, 821, 126]",rect,102,"[253, 78, 76]",442.2426406145096
461.0,18,41,"[55, 124, 53, 126, 53, 127, 52, 128, 51, 127, 51, 126, 50, 126, 49, 125, 44, 125, 41, 128, 41, 129, 42, 130, 42, 132, 43, 133, 41, 135, 40, 134, 40, 133, 38, 131, 33, 131, 32, 130, 35, 127, 39, 127, 39, 125, 33, 125, 32, 126, 31, 126, 31, 127, 30, 128, 30, 130, 29, 131, 29, 137, 30, 138, 30, 139, 32, 141, 37, 141, 40, 138, 41, 139, 41, 140, 42, 140, 43, 141, 50, 141, 52, 139, 52, 135, 50, 133, 50, 132, 51, 131, 51, 130, 52, 129, 53, 130, 53, 131, 55, 133, 57, 133, 58, 134, 58, 135, 55, 138, 55, 139, 54, 140, 55, 141, 57, 141, 58, 140, 58, 139, 59, 138, 59, 137, 60, 136, 61, 136, 62, 137, 62, 140, 63, 141, 67, 141, 69, 139, 69, 134, 67, 132, 65, 132, 64, 131, 64, 130, 66, 128, 66, 127, 67, 126, 67, 124, 65, 124, 64, 125, 64, 126, 61, 129, 60, 128, 60, 125, 59, 124]",path,20,"[213, 214, 214]",188.50966584682465
83.5,17,11,"[680, 111, 679, 112, 679, 114, 681, 114, 682, 113, 684, 113, 685, 114, 685, 116, 683, 118, 680, 118, 680, 120, 684, 120, 685, 121, 685, 124, 684, 125, 682, 125, 681, 124, 679, 124, 678, 125, 680, 127, 686, 127, 688, 125, 688, 120, 687, 119, 687, 118, 688, 117, 688, 114, 687, 113, 687, 112, 686, 111]",path,8,"[0, 0, 0]",70.04163014888763
66.0,17,12,"[666, 111, 666, 113, 672, 113, 673, 114, 673, 115, 672, 116, 672, 118, 671, 119, 671, 120, 670, 121, 670, 122, 669, 123, 669, 125, 668, 126, 669, 127, 671, 127, 671, 126, 672, 125, 672, 124, 673, 123, 673, 121, 674, 120, 674, 119, 675, 118, 675, 117, 676, 116, 676, 114, 677, 113, 677, 112, 676, 111]",path,8,"[0, 0, 0]",55.79898953437805
181.5,18,17,"[692, 110, 690, 112, 690, 118, 691, 119, 694, 119, 695, 120, 695, 121, 692, 124, 692, 125, 691, 126, 692, 127, 694, 127, 694, 126, 696, 124, 696, 123, 697, 122, 698, 122, 699, 123, 699, 126, 700, 127, 704, 127, 705, 126, 706, 126, 706, 119, 705, 119, 704, 118, 702, 118, 701, 117, 701, 116, 703, 114, 703, 113, 704, 112, 704, 110, 702, 110, 701, 111, 701, 112, 699, 114, 698, 114, 697, 113, 697, 111, 696, 110]",path,10,"[200, 200, 200]",83.35533833503723
66.0,17,12,"[793, 99, 793, 101, 799, 101, 800, 102, 800, 103, 799, 104, 799, 106, 798, 107, 798, 108, 797, 109, 797, 110, 796, 111, 796, 113, 795, 114, 796, 115, 798, 115, 798, 114, 799, 113, 799, 112, 800, 111, 800, 109, 801, 108, 801, 107, 802, 106, 802, 105, 803, 104, 803, 102, 804, 101, 804, 100, 803, 99]",path,8,"[0, 0, 0]",55.79898953437805
325.0,18,29,"[819, 98, 817, 100, 817, 101, 816, 102, 813, 99, 808, 99, 806, 101, 806, 102, 805, 103, 806, 104, 806, 105, 807, 106, 807, 107, 805, 109, 805, 113, 806, 114, 807, 114, 808, 115, 813, 115, 814, 114, 815, 114, 815, 113, 816, 112, 816, 109, 814, 107, 814, 106, 815, 105, 815, 104, 816, 103, 817, 104, 817, 105, 819, 107, 821, 107, 822, 108, 821, 109, 821, 110, 819, 112, 819, 115, 821, 115, 821, 114, 825, 110, 826, 111, 826, 114, 827, 115, 831, 115, 833, 113, 833, 108, 831, 106, 829, 106, 828, 105, 828, 104, 830, 102, 830, 101, 831, 100, 831, 98, 829, 98, 828, 99, 828, 100, 825, 103, 824, 102, 824, 100, 823, 99, 823, 98]",path,15,"[212, 212, 212]",131.88224959373474
58.5,12,8,"[913, 61, 911, 63, 911, 65, 912, 66, 912, 67, 913, 67, 914, 68, 913, 69, 911, 69, 911, 71, 912, 72, 916, 72, 918, 70, 918, 67, 917, 66, 916, 66, 915, 65, 916, 64, 917, 64, 918, 63, 917, 62, 917, 61]",path,6,"[0, 0, 0]",40.38477599620819
41.5,12,8,"[829, 61, 828, 62, 828, 71, 829, 72, 830, 72, 831, 71, 831, 65, 833, 63, 835, 63, 835, 61]",path,6,"[0, 0, 0]",33.071067690849304
135.5,12,19,"[729, 61, 729, 62, 728, 63, 728, 64, 729, 65, 729, 67, 728, 68, 729, 69, 729, 72, 731, 72, 731, 65, 733, 63, 734, 63, 735, 64, 735, 72, 737, 72, 738, 71, 739, 71, 740, 72, 744, 72, 746, 70, 746, 67, 745, 66, 744, 66, 743, 65, 744, 64, 745, 64, 746, 63, 745, 62, 745, 61, 741, 61, 739, 63, 739, 64, 738, 65, 737, 64, 737, 62, 736, 61]",path,9,"[223, 223, 223]",81.69848430156708
73.5,12,10,"[579, 61, 578, 62, 578, 63, 577, 64, 577, 69, 578, 70, 578, 71, 579, 72, 584, 72, 586, 70, 585, 69, 584, 69, 583, 70, 581, 70, 580, 69, 580, 68, 581, 67, 585, 67, 586, 66, 586, 63, 584, 61]",path,6,"[251, 251, 251]",46.38477599620819
82.5,12,10,"[542, 61, 540, 63, 542, 65, 540, 67, 540, 70, 542, 72, 548, 72, 548, 71, 549, 70, 549, 68, 548, 67, 548, 62, 547, 61]",path,6,"[203, 203, 203]",37.55634891986847
242.0,12,30,"[439, 61, 438, 62, 438, 63, 437, 64, 437, 69, 438, 70, 438, 71, 439, 72, 444, 72, 445, 71, 446, 71, 446, 70, 448, 68, 449, 69, 449, 72, 451, 72, 451, 65, 453, 63, 454, 63, 455, 64, 455, 72, 457, 72, 458, 71, 459, 71, 460, 72, 464, 72, 466, 70, 466, 67, 465, 66, 464, 66, 463, 65, 464, 64, 465, 64, 466, 63, 465, 62, 465, 61, 461, 61, 459, 63, 459, 64, 458, 65, 457, 64, 457, 62, 456, 61, 449, 61, 449, 62, 448, 63, 447, 63, 445, 61]",path,14,"[229, 229, 229]",109.5979790687561
96.0,12,11,"[385, 61, 384, 62, 383, 62, 383, 63, 382, 64, 382, 69, 383, 70, 383, 71, 384, 72, 389, 72, 390, 71, 391, 71, 391, 70, 392, 69, 392, 64, 391, 63, 391, 62, 390, 61]",path,6,"[243, 243, 243]",37.31370830535889
59.5,12,8,"[301, 61, 299, 63, 299, 66, 300, 67, 301, 67, 302, 68, 301, 69, 299, 69, 299, 71, 300, 72, 304, 72, 306, 70, 306, 67, 305, 66, 304, 66, 303, 65, 304, 64, 305, 64, 306, 63, 305, 62, 305, 61]",path,6,"[0, 0, 0]",40.38477599620819
145.0,12,21,"[278, 61, 278, 62, 277, 63, 277, 70, 278, 71, 278, 72, 280, 72, 280, 65, 282, 63, 284, 65, 284, 72, 286, 72, 286, 70, 287, 69, 289, 71, 290, 71, 291, 72, 296, 72, 296, 71, 297, 70, 296, 69, 295, 69, 294, 70, 292, 70, 291, 69, 291, 68, 292, 67, 297, 67, 297, 63, 295, 61, 291, 61, 290, 62, 289, 62, 289, 63, 288, 64, 288, 65, 287, 66, 286, 65, 286, 62, 285, 61]",path,10,"[240, 240, 240]",97.11269783973694
373.5,16,38,"[236, 61, 234, 63, 236, 65, 234, 67, 234, 71, 235, 71, 236, 72, 242, 72, 244, 74, 244, 75, 245, 76, 251, 76, 253, 74, 253, 71, 254, 70, 256, 72, 262, 72, 263, 71, 264, 72, 271, 72, 271, 70, 269, 70, 268, 69, 268, 68, 269, 67, 269, 66, 271, 64, 271, 61, 265, 61, 264, 62, 264, 63, 266, 63, 267, 64, 267, 65, 266, 66, 266, 67, 263, 70, 262, 69, 262, 62, 261, 61, 256, 61, 254, 63, 253, 62, 253, 61, 246, 61, 244, 63, 244, 65, 243, 66, 242, 65, 242, 62, 241, 61]",path,19,"[187, 187, 187]",136.32590079307556
201.0,12,25,"[155, 61, 154, 62, 153, 62, 153, 63, 152, 64, 152, 70, 153, 71, 154, 71, 155, 72, 159, 72, 160, 71, 162, 71, 163, 72, 165, 72, 165, 65, 167, 63, 168, 63, 169, 64, 169, 66, 170, 67, 171, 67, 172, 68, 171, 69, 169, 69, 169, 71, 170, 72, 174, 72, 176, 70, 176, 67, 175, 66, 174, 66, 173, 65, 174, 64, 175, 64, 176, 63, 175, 62, 175, 61, 163, 61, 161, 63, 159, 61]",path,12,"[201, 201, 201]",91.94112491607666
579.0,16,65,"[88, 61, 86, 63, 86, 69, 87, 70, 87, 71, 88, 72, 93, 72, 95, 70, 94, 69, 93, 69, 92, 70, 90, 70, 89, 69, 89, 68, 90, 67, 95, 67, 95, 66, 96, 65, 97, 66, 97, 68, 98, 69, 98, 71, 99, 72, 101, 72, 102, 71, 102, 70, 103, 69, 104, 70, 104, 71, 105, 72, 107, 72, 108, 71, 108, 69, 109, 68, 109, 66, 110, 65, 111, 65, 112, 66, 112, 67, 113, 67, 114, 68, 113, 69, 111, 69, 111, 71, 112, 72, 116, 72, 119, 69, 120, 70, 120, 71, 119, 72, 120, 73, 120, 76, 122, 76, 122, 73, 123, 72, 126, 72, 127, 71, 128, 71, 128, 70, 129, 69, 130, 70, 130, 71, 131, 71, 132, 72, 138, 72, 138, 71, 140, 69, 141, 70, 141, 73, 140, 74, 141, 75, 141, 76, 142, 76, 143, 75, 143, 73, 144, 72, 148, 72, 149, 71, 149, 70, 150, 69, 150, 64, 149, 63, 149, 62, 148, 61, 141, 61, 141, 62, 140, 63, 140, 64, 139, 65, 138, 64, 138, 62, 137, 61, 132, 61, 130, 63, 129, 63, 127, 61, 120, 61, 120, 62, 119, 63, 118, 63, 117, 62, 117, 61, 113, 61, 112, 62, 111, 62, 110, 61, 108, 61, 108, 62, 107, 63, 107, 65, 106, 66, 105, 65, 105, 63, 104, 62, 104, 61, 102, 61, 101, 62, 101, 64, 100, 65, 99, 64, 99, 63, 98, 62, 98, 61, 96, 61, 96, 62, 95, 63, 93, 61]",path,32,"[207, 207, 207]",240.99494755268097
121.0,12,12,"[488, 60, 488, 71, 499, 71, 499, 60]",path,7,"[217, 229, 191]",44.0
167.0,14,14,"[768, 59, 767, 60, 767, 71, 768, 72, 779, 72, 780, 71, 780, 60, 779, 59]",rect,8,"[216, 132, 63]",49.65685415267944
167.0,14,14,"[634, 59, 633, 60, 633, 71, 634, 72, 645, 72, 646, 71, 646, 60, 645, 59]",rect,8,"[64, 153, 171]",49.65685415267944
167.0,14,14,"[328, 59, 327, 60, 327, 71, 328, 72, 339, 72, 340, 71, 340, 60, 339, 59]",rect,8,"[127, 99, 156]",49.65685415267944
154.0,14,13,"[199, 59, 198, 60, 198, 71, 199, 72, 209, 72, 210, 71, 210, 60, 209, 59]",path,8,"[110, 116, 176]",47.65685415267944
168.0,14,14,"[55, 59, 54, 60, 54, 71, 55, 72, 67, 72, 67, 59]",rect,8,"[248, 76, 77]",50.82842707633972
143.0,15,19,"[840, 58, 840, 62, 841, 63, 841, 65, 842, 66, 842, 69, 843, 70, 843, 71, 844, 72, 846, 72, 847, 71, 847, 68, 849, 66, 850, 67, 850, 69, 851, 70, 851, 71, 852, 72, 854, 72, 855, 71, 855, 68, 856, 67, 856, 65, 857, 64, 857, 63, 858, 62, 858, 58, 856, 58, 855, 59, 855, 62, 854, 63, 854, 65, 853, 66, 852, 65, 852, 63, 851, 62, 851, 61, 850, 60, 850, 58, 848, 58, 847, 59, 847, 60, 846, 61, 846, 64, 845, 65, 844, 64, 844, 63, 843, 62, 843, 60, 842, 59, 842, 58]",path,10,"[196, 196, 196]",90.76955199241638
131.5,15,24,"[650, 58, 650, 60, 653, 60, 654, 61, 654, 71, 655, 72, 656, 72, 657, 71, 657, 61, 658, 60, 660, 60, 661, 61, 661, 62, 662, 63, 662, 65, 663, 66, 663, 68, 664, 69, 664, 70, 665, 71, 665, 72, 668, 72, 668, 70, 669, 69, 669, 68, 670, 67, 670, 65, 671, 64, 671, 63, 672, 62, 672, 60, 673, 59, 672, 58, 671, 58, 669, 60, 669, 62, 668, 63, 668, 65, 667, 66, 666, 66, 665, 65, 665, 63, 664, 62, 664, 61, 663, 60, 663, 59, 662, 58]",path,12,"[214, 214, 214]",100.5269113779068
139.0,15,16,"[560, 58, 560, 72, 562, 72, 562, 67, 563, 66, 564, 67, 564, 68, 565, 69, 565, 70, 566, 71, 566, 72, 568, 72, 569, 71, 569, 70, 570, 69, 570, 68, 571, 67, 572, 68, 572, 70, 573, 71, 573, 72, 575, 72, 575, 59, 574, 58, 572, 58, 571, 59, 571, 60, 570, 61, 570, 63, 569, 64, 569, 65, 568, 66, 567, 66, 566, 65, 566, 64, 565, 63, 565, 62, 564, 61, 564, 59, 563, 58]",path,10,"[213, 213, 213]",85.4558436870575
294.0,15,34,"[400, 58, 398, 60, 398, 63, 401, 66, 403, 66, 404, 67, 404, 69, 403, 70, 401, 70, 400, 69, 398, 69, 398, 71, 399, 72, 405, 72, 407, 70, 407, 66, 405, 64, 404, 64, 403, 63, 402, 63, 401, 62, 401, 61, 402, 60, 403, 60, 404, 61, 406, 61, 409, 64, 409, 70, 410, 71, 410, 72, 414, 72, 415, 71, 416, 71, 417, 72, 423, 72, 423, 71, 424, 70, 424, 66, 423, 65, 423, 63, 424, 62, 426, 64, 426, 71, 427, 72, 431, 72, 431, 70, 430, 70, 429, 69, 429, 64, 430, 63, 431, 63, 431, 61, 430, 61, 428, 59, 428, 58, 426, 58, 426, 60, 424, 62, 423, 62, 422, 61, 417, 61, 416, 62, 415, 62, 414, 61, 413, 61, 411, 59, 411, 58, 410, 58, 409, 59, 409, 60, 408, 61, 407, 61, 406, 60, 406, 59, 405, 58]",path,17,"[211, 211, 211]",162.2253954410553
136.5,15,16,"[217, 58, 217, 72, 219, 72, 219, 67, 220, 66, 221, 67, 221, 68, 222, 69, 222, 70, 223, 71, 223, 72, 225, 72, 226, 71, 226, 70, 227, 69, 227, 68, 229, 66, 230, 67, 230, 69, 229, 70, 230, 71, 230, 72, 232, 72, 232, 58, 229, 58, 228, 59, 228, 60, 227, 61, 227, 63, 226, 64, 226, 65, 225, 66, 224, 66, 223, 65, 223, 64, 222, 63, 222, 61, 221, 60, 221, 59, 220, 58]",path,10,"[210, 210, 212]",88.87005722522736
104.5,15,12,"[73, 58, 73, 61, 72, 62, 72, 71, 73, 72, 75, 72, 75, 66, 76, 65, 77, 66, 77, 67, 79, 69, 79, 70, 81, 72, 83, 72, 83, 58, 81, 58, 81, 64, 80, 65, 79, 64, 79, 63, 77, 61, 77, 60, 76, 59, 76, 58]",path,8,"[220, 212, 214]",70.38477599620819
182.0,16,21,"[889, 57, 889, 72, 891, 72, 891, 64, 892, 63, 893, 63, 894, 64, 894, 70, 895, 71, 895, 72, 899, 72, 899, 71, 900, 70, 902, 72, 907, 72, 909, 70, 908, 69, 907, 69, 906, 70, 904, 70, 903, 69, 903, 68, 904, 67, 909, 67, 909, 63, 907, 61, 902, 61, 900, 63, 899, 62, 899, 61, 898, 61, 896, 59, 896, 58, 894, 58, 894, 60, 892, 62, 891, 61, 891, 57]",path,11,"[217, 217, 217]",105.11269783973694
287.5,16,29,"[870, 57, 870, 58, 869, 59, 869, 62, 868, 63, 866, 61, 861, 61, 860, 62, 860, 63, 859, 64, 859, 70, 861, 72, 866, 72, 868, 70, 869, 70, 870, 71, 870, 72, 877, 72, 879, 70, 881, 72, 886, 72, 886, 71, 887, 70, 887, 67, 886, 66, 885, 66, 884, 65, 885, 64, 886, 64, 887, 63, 886, 62, 886, 61, 881, 61, 879, 63, 877, 61, 873, 61, 872, 60, 872, 58, 871, 57]",path,14,"[201, 201, 201]",92.18376553058624
397.0,16,42,"[807, 57, 807, 60, 806, 61, 804, 61, 802, 59, 802, 58, 800, 58, 800, 60, 799, 61, 798, 61, 796, 59, 795, 59, 794, 58, 789, 58, 788, 59, 787, 59, 786, 60, 786, 61, 785, 62, 785, 68, 786, 69, 786, 70, 788, 72, 794, 72, 795, 71, 796, 71, 797, 70, 797, 69, 798, 68, 798, 64, 799, 63, 800, 64, 800, 70, 801, 71, 801, 72, 805, 72, 806, 71, 807, 72, 809, 72, 809, 65, 811, 63, 813, 65, 813, 72, 815, 72, 815, 71, 816, 70, 817, 70, 819, 72, 824, 72, 825, 71, 826, 71, 826, 70, 825, 69, 824, 69, 823, 70, 821, 70, 820, 69, 820, 68, 821, 67, 826, 67, 826, 63, 824, 61, 819, 61, 818, 62, 818, 63, 816, 65, 815, 64, 815, 62, 814, 61, 810, 61, 809, 60, 809, 58, 808, 57]",path,20,"[235, 235, 235]",163.39696860313416
431.0,16,49,"[713, 57, 713, 61, 712, 62, 711, 61, 710, 61, 708, 59, 708, 58, 706, 58, 706, 60, 704, 62, 703, 62, 702, 61, 697, 61, 696, 62, 695, 62, 694, 61, 693, 61, 691, 59, 691, 58, 690, 58, 689, 59, 689, 60, 688, 61, 687, 61, 686, 60, 686, 59, 685, 58, 680, 58, 678, 60, 678, 63, 681, 66, 683, 66, 684, 67, 684, 69, 683, 70, 681, 70, 680, 69, 678, 69, 678, 71, 679, 72, 685, 72, 687, 70, 687, 66, 685, 64, 684, 64, 683, 63, 682, 63, 681, 62, 681, 61, 682, 60, 683, 60, 684, 61, 686, 61, 689, 64, 689, 70, 690, 71, 690, 72, 694, 72, 695, 71, 696, 71, 697, 72, 703, 72, 703, 71, 704, 70, 704, 66, 703, 65, 703, 63, 704, 62, 706, 64, 706, 71, 707, 72, 711, 72, 711, 70, 710, 70, 709, 69, 709, 64, 710, 63, 711, 63, 712, 62, 713, 63, 713, 72, 715, 72, 715, 71, 716, 70, 717, 71, 718, 71, 719, 72, 724, 72, 725, 71, 725, 70, 726, 69, 726, 64, 725, 63, 725, 62, 724, 61, 719, 61, 717, 63, 716, 63, 715, 62, 715, 57]",path,24,"[215, 215, 215]",222.02438497543335
130.5,16,13,"[600, 57, 600, 72, 602, 72, 603, 71, 604, 71, 605, 72, 611, 72, 611, 71, 612, 70, 612, 65, 611, 64, 611, 62, 610, 61, 605, 61, 604, 62, 603, 62, 602, 61, 602, 57]",path,9,"[197, 197, 197]",53.899494767189026
113.5,16,11,"[595, 57, 595, 60, 594, 61, 591, 61, 590, 62, 589, 62, 588, 63, 588, 69, 589, 70, 589, 71, 590, 72, 597, 72, 597, 71, 598, 70, 598, 59, 597, 58, 597, 57]",path,8,"[194, 194, 194]",45.899494767189026
30.0,16,3,"[551, 57, 551, 72, 553, 72, 553, 57]",path,7,"[0, 0, 0]",34.0
262.5,16,34,"[536, 57, 536, 62, 535, 63, 533, 61, 528, 61, 527, 62, 527, 63, 526, 64, 523, 61, 518, 61, 517, 62, 516, 62, 516, 63, 515, 64, 515, 65, 514, 66, 512, 64, 510, 64, 508, 62, 508, 61, 509, 60, 510, 60, 511, 61, 513, 61, 513, 59, 512, 58, 507, 58, 505, 60, 505, 63, 507, 65, 508, 65, 509, 66, 510, 66, 511, 67, 511, 69, 510, 70, 508, 70, 507, 69, 505, 69, 505, 71, 506, 72, 512, 72, 515, 69, 516, 70, 516, 71, 517, 72, 522, 72, 523, 71, 524, 71, 524, 70, 525, 69, 526, 69, 527, 70, 527, 71, 528, 72, 533, 72, 534, 71, 534, 69, 532, 69, 531, 70, 530, 70, 529, 69, 529, 64, 530, 63, 531, 63, 532, 64, 534, 64, 535, 63, 536, 64, 536, 72, 538, 72, 538, 57]",path,17,"[225, 225, 225]",166.81118190288544
30.0,16,3,"[433, 57, 433, 72, 435, 72, 435, 57]",path,7,"[0, 0, 0]",34.0
30.0,16,3,"[378, 57, 378, 72, 380, 72, 380, 57]",path,7,"[0, 0, 0]",34.0
305.5,16,32,"[373, 57, 373, 60, 372, 61, 369, 61, 368, 62, 367, 62, 366, 63, 366, 65, 365, 66, 364, 65, 364, 62, 363, 61, 358, 61, 356, 63, 358, 65, 356, 67, 356, 68, 355, 69, 354, 68, 354, 67, 353, 66, 353, 65, 354, 64, 354, 60, 352, 58, 346, 58, 346, 60, 345, 61, 346, 62, 346, 63, 345, 64, 345, 65, 346, 66, 345, 67, 345, 70, 346, 71, 346, 72, 348, 72, 348, 67, 349, 66, 350, 66, 351, 67, 351, 68, 352, 69, 352, 71, 353, 72, 355, 72, 356, 71, 357, 72, 364, 72, 364, 71, 365, 70, 366, 70, 368, 72, 375, 72, 375, 71, 376, 70, 376, 59, 375, 58, 375, 57]",path,16,"[203, 203, 203]",131.49747383594513
30.0,16,3,"[273, 57, 273, 72, 275, 72, 275, 57]",path,7,"[0, 0, 0]",34.0
53.0,12,9,"[289, 24, 289, 35, 291, 35, 291, 28, 293, 26, 294, 26, 295, 27, 295, 35, 297, 35, 297, 26, 296, 25, 296, 24]",path,6,"[0, 0, 0]",53.65685415267944
93.5,12,11,"[280, 24, 277, 27, 277, 32, 280, 35, 284, 35, 287, 32, 287, 27, 286, 26, 286, 25, 285, 24]",path,6,"[239, 244, 251]",35.5563485622406
79.0,12,10,"[207, 24, 205, 26, 207, 28, 205, 30, 205, 33, 207, 35, 213, 35, 213, 33, 214, 32, 213, 31, 213, 26, 211, 24]",path,6,"[209, 209, 224]",36.97056245803833
223.0,15,31,"[763, 21, 762, 22, 761, 22, 760, 23, 760, 24, 761, 25, 762, 25, 763, 26, 763, 32, 762, 33, 761, 33, 760, 34, 760, 35, 768, 35, 770, 33, 772, 35, 778, 35, 780, 33, 780, 31, 781, 30, 783, 30, 784, 31, 784, 33, 785, 34, 786, 34, 787, 33, 787, 31, 788, 30, 790, 30, 790, 28, 788, 28, 787, 27, 787, 25, 786, 24, 785, 24, 784, 25, 784, 27, 783, 28, 781, 28, 780, 29, 779, 29, 778, 28, 779, 27, 779, 23, 777, 21, 773, 21, 772, 22, 771, 22, 771, 23, 770, 24, 770, 26, 772, 28, 770, 30, 770, 33, 769, 34, 768, 33, 767, 33, 766, 32, 766, 22, 765, 21]",path,15,"[227, 227, 239]",126.91168737411499
301.0,19,33,"[720, 21, 720, 22, 719, 23, 719, 25, 718, 26, 718, 27, 717, 28, 717, 30, 716, 31, 716, 33, 715, 34, 716, 35, 717, 35, 718, 34, 718, 33, 720, 31, 723, 31, 724, 32, 724, 33, 726, 35, 727, 35, 728, 36, 728, 38, 729, 39, 735, 39, 737, 37, 737, 34, 738, 33, 740, 35, 745, 35, 747, 33, 746, 32, 745, 32, 744, 33, 742, 33, 741, 32, 741, 31, 742, 30, 747, 30, 747, 26, 745, 24, 741, 24, 740, 25, 739, 25, 739, 26, 738, 27, 737, 26, 737, 24, 730, 24, 728, 26, 728, 30, 727, 31, 726, 30, 726, 29, 725, 28, 725, 26, 724, 25, 724, 24, 723, 23, 723, 22, 722, 21]",path,16,"[200, 204, 220]",123.74011445045471
486.5,15,50,"[428, 21, 427, 22, 427, 34, 428, 35, 430, 35, 431, 34, 431, 30, 432, 29, 433, 30, 433, 31, 434, 32, 434, 33, 435, 34, 435, 35, 439, 35, 441, 33, 443, 35, 449, 35, 451, 33, 451, 31, 452, 30, 453, 31, 453, 33, 454, 34, 454, 35, 458, 35, 459, 34, 460, 34, 461, 35, 464, 35, 465, 34, 465, 33, 466, 32, 466, 30, 467, 29, 468, 29, 469, 30, 468, 31, 468, 34, 469, 35, 474, 35, 475, 34, 475, 33, 476, 32, 476, 31, 475, 30, 475, 25, 474, 24, 470, 24, 469, 25, 468, 25, 467, 24, 464, 24, 464, 25, 463, 26, 462, 26, 461, 25, 461, 24, 458, 24, 456, 26, 455, 25, 455, 24, 452, 24, 451, 25, 450, 25, 449, 24, 444, 24, 443, 25, 442, 25, 441, 26, 440, 25, 440, 22, 439, 21, 436, 21, 436, 25, 435, 26, 434, 25, 434, 24, 433, 23, 433, 22, 432, 21]",path,25,"[119, 126, 169]",167.63960921764374
161.5,15,20,"[221, 21, 221, 35, 222, 35, 223, 34, 223, 30, 224, 29, 225, 29, 226, 30, 226, 31, 227, 32, 227, 34, 228, 35, 230, 35, 230, 33, 231, 32, 232, 33, 232, 34, 233, 34, 234, 35, 238, 35, 239, 34, 239, 32, 238, 32, 237, 33, 235, 33, 234, 32, 234, 31, 235, 30, 239, 30, 240, 29, 240, 26, 238, 24, 234, 24, 233, 25, 232, 25, 232, 26, 231, 27, 231, 31, 230, 32, 229, 31, 229, 30, 228, 29, 228, 28, 229, 27, 229, 23, 227, 21]",path,11,"[242, 243, 253]",100.5269113779068
128.0,15,16,"[162, 21, 162, 35, 164, 35, 164, 29, 165, 28, 166, 29, 166, 30, 167, 31, 167, 33, 169, 35, 170, 35, 171, 34, 171, 33, 172, 32, 172, 31, 173, 30, 173, 29, 174, 28, 175, 29, 175, 35, 177, 35, 177, 21, 174, 21, 173, 22, 173, 24, 172, 25, 172, 26, 171, 27, 171, 28, 170, 29, 169, 29, 168, 28, 168, 27, 167, 26, 167, 25, 166, 24, 166, 22, 165, 21]",path,10,"[208, 207, 237]",91.4558436870575
169.5,20,19,"[692, 20, 692, 35, 699, 35, 700, 34, 700, 33, 701, 32, 701, 29, 702, 28, 703, 29, 703, 31, 704, 32, 704, 39, 706, 39, 706, 38, 707, 37, 707, 35, 708, 34, 708, 32, 709, 31, 709, 29, 710, 28, 710, 24, 709, 24, 708, 25, 708, 26, 707, 27, 707, 28, 706, 29, 705, 28, 705, 27, 704, 26, 704, 25, 703, 24, 702, 24, 701, 25, 700, 25, 699, 24, 695, 24, 694, 23, 694, 21, 693, 20]",path,11,"[223, 224, 237]",88.87005722522736
386.5,16,50,"[676, 20, 676, 21, 675, 22, 676, 23, 676, 32, 675, 33, 674, 32, 673, 32, 672, 33, 670, 33, 669, 32, 669, 27, 670, 26, 672, 26, 673, 27, 674, 27, 674, 25, 673, 24, 669, 24, 668, 25, 667, 25, 667, 26, 666, 27, 666, 28, 665, 29, 664, 28, 664, 25, 663, 25, 662, 24, 658, 24, 656, 26, 655, 26, 653, 24, 649, 24, 648, 25, 647, 25, 647, 26, 646, 27, 646, 31, 645, 32, 644, 31, 644, 30, 643, 29, 643, 28, 644, 27, 644, 23, 642, 21, 636, 21, 636, 35, 638, 35, 638, 30, 639, 29, 640, 29, 641, 30, 641, 31, 642, 32, 642, 34, 643, 35, 645, 35, 645, 33, 646, 32, 647, 33, 647, 34, 648, 34, 649, 35, 653, 35, 655, 33, 656, 33, 658, 35, 664, 35, 664, 31, 665, 30, 666, 31, 666, 32, 667, 33, 667, 34, 668, 35, 673, 35, 675, 33, 676, 34, 676, 35, 678, 35, 678, 28, 680, 26, 681, 26, 682, 27, 682, 34, 683, 35, 684, 35, 684, 32, 685, 31, 684, 30, 684, 25, 683, 24, 679, 24, 678, 23, 678, 21, 677, 20]",path,25,"[212, 214, 226]",222.95331752300262
1024.0,19,107,"[539, 20, 537, 22, 537, 23, 535, 25, 534, 25, 533, 24, 526, 24, 525, 25, 524, 25, 523, 24, 523, 21, 520, 21, 520, 22, 519, 23, 519, 33, 520, 34, 520, 35, 523, 35, 523, 34, 524, 33, 526, 35, 528, 35, 529, 34, 529, 29, 530, 28, 531, 29, 531, 34, 532, 35, 534, 35, 535, 34, 535, 28, 536, 27, 537, 28, 537, 35, 540, 35, 541, 34, 541, 31, 542, 30, 543, 31, 543, 33, 545, 35, 550, 35, 551, 34, 552, 34, 553, 33, 555, 35, 557, 35, 558, 34, 558, 28, 559, 27, 560, 27, 561, 28, 561, 34, 562, 35, 564, 35, 565, 34, 565, 29, 566, 28, 567, 29, 567, 34, 568, 35, 570, 35, 571, 34, 571, 29, 572, 28, 573, 29, 573, 34, 574, 35, 576, 35, 577, 34, 578, 34, 579, 35, 586, 35, 587, 34, 587, 33, 588, 32, 589, 33, 589, 34, 590, 35, 598, 35, 600, 33, 602, 35, 607, 35, 608, 34, 609, 34, 609, 33, 610, 32, 611, 33, 611, 34, 612, 35, 614, 35, 615, 34, 615, 29, 616, 28, 617, 29, 617, 34, 618, 35, 620, 35, 621, 34, 622, 35, 622, 38, 623, 38, 625, 36, 625, 32, 623, 32, 623, 34, 622, 35, 621, 34, 621, 27, 620, 26, 620, 25, 619, 24, 612, 24, 610, 26, 608, 24, 602, 24, 600, 26, 599, 25, 599, 21, 598, 20, 596, 20, 595, 21, 595, 23, 594, 24, 593, 24, 592, 23, 592, 22, 589, 22, 588, 23, 588, 24, 587, 25, 586, 25, 585, 24, 580, 24, 578, 26, 577, 26, 575, 24, 571, 24, 570, 25, 569, 24, 555, 24, 553, 26, 551, 24, 546, 24, 545, 25, 543, 25, 542, 24, 543, 23, 543, 21, 542, 20]",path,53,"[131, 136, 180]",370.9360725879669
325.5,16,33,"[508, 20, 507, 21, 507, 23, 506, 24, 503, 24, 501, 26, 500, 26, 498, 24, 491, 24, 489, 26, 487, 24, 482, 24, 480, 26, 480, 30, 479, 31, 479, 32, 480, 33, 480, 34, 481, 35, 488, 35, 489, 34, 490, 34, 491, 35, 493, 35, 494, 34, 494, 29, 495, 28, 496, 29, 496, 34, 497, 35, 499, 35, 501, 33, 503, 35, 510, 35, 511, 34, 511, 21, 510, 20]",path,16,"[125, 128, 175]",106.18376553058624
201.0,16,25,"[307, 20, 306, 21, 306, 23, 304, 25, 306, 27, 306, 35, 308, 35, 308, 32, 309, 31, 311, 33, 311, 34, 312, 34, 313, 35, 317, 35, 320, 32, 321, 33, 321, 34, 322, 35, 324, 35, 324, 28, 326, 26, 327, 26, 328, 25, 327, 24, 322, 24, 322, 25, 320, 27, 319, 26, 319, 25, 318, 24, 313, 24, 312, 25, 311, 24, 310, 24, 309, 23, 310, 22, 311, 22, 311, 20]",path,12,"[223, 225, 236]",88.76955187320709
174.0,16,20,"[268, 20, 268, 23, 267, 24, 264, 24, 263, 25, 262, 25, 262, 26, 261, 27, 258, 24, 254, 24, 253, 25, 252, 25, 252, 26, 251, 27, 251, 32, 254, 35, 258, 35, 259, 34, 259, 32, 258, 32, 257, 33, 255, 33, 254, 32, 254, 31, 255, 30, 260, 30, 261, 31, 261, 32, 263, 34, 263, 35, 270, 35, 270, 20]",path,11,"[226, 230, 239]",85.45584344863892
30.0,16,3,"[247, 20, 247, 35, 249, 35, 249, 20]",path,7,"[0, 0, 0]",34.0
30.0,16,3,"[242, 20, 242, 35, 244, 35, 244, 20]",path,7,"[0, 0, 0]",34.0
30.0,16,3,"[201, 20, 201, 35, 203, 35, 203, 20]",path,7,"[0, 0, 0]",34.0
175.0,16,20,"[196, 20, 196, 23, 195, 24, 192, 24, 191, 25, 190, 25, 190, 26, 189, 27, 186, 24, 181, 24, 180, 25, 180, 26, 179, 27, 179, 32, 182, 35, 186, 35, 187, 34, 187, 32, 186, 32, 185, 33, 183, 33, 182, 32, 182, 31, 183, 30, 188, 30, 189, 31, 189, 32, 191, 34, 191, 35, 198, 35, 198, 20]",path,11,"[228, 230, 239]",85.45584344863892
52.0,21,6,"[792, 19, 791, 20, 791, 21, 792, 22, 792, 24, 793, 25, 793, 33, 792, 34, 792, 36, 791, 37, 791, 38, 792, 39, 793, 39, 794, 38, 794, 37, 795, 36, 795, 32, 796, 31, 796, 28, 795, 27, 795, 23, 794, 22, 794, 20, 793, 19]",path,10,"[0, 0, 0]",46.97056245803833
50.5,21,5,"[755, 19, 755, 21, 754, 22, 754, 25, 753, 26, 753, 32, 754, 33, 754, 36, 755, 37, 755, 38, 756, 39, 757, 39, 757, 35, 756, 34, 756, 24, 757, 23, 757, 19]",path,10,"[0, 0, 0]",45.899494767189026
904.0,21,87,"[384, 19, 383, 20, 383, 21, 382, 22, 382, 23, 381, 24, 381, 26, 380, 27, 380, 29, 379, 30, 379, 31, 378, 32, 377, 31, 377, 20, 373, 20, 373, 25, 372, 26, 370, 24, 365, 24, 364, 25, 362, 25, 361, 24, 357, 24, 356, 25, 355, 25, 354, 26, 353, 26, 351, 24, 346, 24, 345, 25, 344, 25, 343, 26, 343, 28, 342, 29, 342, 30, 343, 31, 342, 32, 339, 32, 338, 31, 338, 21, 335, 21, 334, 22, 334, 34, 335, 35, 342, 35, 343, 34, 344, 34, 345, 35, 350, 35, 351, 34, 352, 34, 353, 33, 354, 33, 356, 35, 361, 35, 362, 34, 363, 34, 364, 35, 371, 35, 372, 34, 373, 35, 376, 35, 377, 36, 377, 38, 380, 38, 381, 37, 381, 36, 382, 35, 382, 33, 383, 32, 383, 30, 384, 29, 384, 27, 385, 26, 385, 25, 386, 24, 387, 25, 387, 32, 389, 34, 390, 34, 391, 35, 396, 35, 397, 34, 398, 34, 399, 35, 401, 35, 402, 34, 402, 33, 403, 32, 404, 33, 404, 34, 405, 35, 409, 35, 410, 34, 410, 33, 411, 32, 412, 33, 412, 39, 415, 39, 416, 38, 416, 36, 417, 35, 417, 33, 418, 32, 418, 30, 419, 29, 419, 27, 420, 26, 420, 25, 419, 24, 417, 24, 415, 26, 414, 26, 412, 24, 408, 24, 406, 22, 404, 22, 403, 23, 402, 22, 402, 21, 401, 20, 399, 20, 397, 22, 396, 21, 391, 21, 390, 22, 389, 22, 387, 24, 386, 23, 386, 22, 387, 21, 387, 20, 386, 19]",path,43,"[152, 158, 192]",294.30865597724915
